Radar started successfully

Radar tx_power set successfully
tx_power answer msg is : Ok(1)

Radar frame_rate set successfully
frame_rate answer msg is : Ok(20)

Radar min_xrange set successfully
min_xrange answer msg is : Ok(0.09850599)

Radar max_xrange set successfully
max_xrange answer msg is : Ok(3.0044327)

Radar min_yrange set successfully
min_yrange answer msg is : Ok(819)

Radar max_yrange set successfully
max_yrange answer msg is : Ok(1400)

Radar offset set successfully
offset answer msg is : Ok(0.0)

Radar iterations set successfully
iterations answer msg is : Ok(20)

Radar pps set successfully
pps answer msg is : Ok(20)

Radar elaboration set successfully
elaboration answer msg is : Ok(0)

Radar persistence set successfully
persistence answer msg is : Ok(5)

Radar dist_tol set successfully
dist_tol answer msg is : Ok(1.5)

Radar declutter_length set successfully
declutter_length answer msg is : Ok(50)

Target answer msg is : Ok(-1.0)

data received succesfully 

Radar data is : [255.0, 100.0, 216.0, 1.0, 118.0, 7.0, 49.0, 0.0, -0.010942389, 0.010812982, -0.0005786196, -0.010722662, 0.006391595, 0.0030810484, -0.0062988345, -8.7726554e-36, 2.913986e-14, -5.6680023e-5, 3.7319487e29, -6.863927e-18, 4.2145753e29, -64.8673, -3.074863e-11, -2.4584044e20, -5.909895e-30, -1.449909e-23, 1.215286e-39, 1.0435297e-32, -2.1871785e-17, 1.175939e-32, 1.52198e-26, 97566050000.0, 2.7351858e-33, 0.08165353, 63418.945, 1.2510064e-27, -181665000000000.0, NaN, 3.1702846e35, -85.113556, -1.1773466e-23, -2.8316625e26, 2.2093595e17, 928691.44, 2.4283149e-14, -2.1530583e-23, -5.6679277e-5, 2.428397e-14, -0.00051205116, 1.1783036e-32, -3.5679347e32, 49466.656, -212455670000000.0, 2.3135163e-8, -40.55702, 2.5133168e17, -8.9298794e-24, 68243526000.0, 116852.06, 1.0785344e-20, 2.9363074e-8, 174191850000.0, -2.202931e38, -9.526756e-30, -1.8738876e-23, 2.2417843e-20, -2.1528594e20, 3.382939e17, 1.260607e-39, NaN, 2.4228759e-14, 130047210000.0, 5.4969466e35, NaN, 2.8003694e-14, 7.930494e35, 1.832165e17, 92792.914, -111010280.0, 87416.05, -8.098535e-36, 93047.195, 70.36811, 8.4854874e-33, -2.96858e-40, -2.2631312e-17, -1.5223745e-23, 5.925308e35, 1.3842286e-20, 1.8764859e-20, -7.769374e-36, -167933880000000.0, -2.2631015e-17, 2.0950377e29, 7.6393875e-16, -1.7523362e23, 3.8126913e-7, -18303127000000.0, -4.1357982e-29, -8.527631e-27, 1.4797647e-33, 1.5190233e-20, 8.8771984e-17, -9.2523305e24, -1.9047158e17, 6.3042616e-34, 1.1222077e-24, -4.8552987e-15, -155747200000000.0, -5.0947947e-32, -5.330073e-5, 4.7598017e32, -0.00029134168, 1.1277107e-24, 1.6892625e34, 2.8995386e-9, 6.840054e-14, -5.751338e25, -7.4087784e-31, 2.0356839e-17, -0.0001172893, 381871800000000.0, 381867500000000.0, -1.8713782e33, -3.1361922e26, 9.854456e-34, -7.10871e22, -1.3785538e-16, 3.909671e-10, 5.6959525e30, 3.526669e-14, 1.1309859e-35, 3.4006975e31, 1.4908956e-9, -4.3293994e-35, 1.35454e-21, -0.0036735076, -0.00087402976, 0.0026953062, -0.00048096338, -0.0021289126, 0.0017040952, 0.0011279233, -0.0016796938, 2.9290522e-5, 0.0015087827, 1.1268851e26, 6.8834024e21, -1.5504717e37, -6.025984e34, 6.8830793e21, 3.5922502e27, 5.4654604e-37, 1.7137949e21, -1.09281475e23, 203519560000000.0, 47119.332, -2935.3533, 1.1659998e-27, 6.912536e-37, -1673193500000000.0, 1.7565897e-21, -934800.3, 4.4754995e31, 0.018398637, -1.7235104e-21, 6.2138796e-20, NaN, -5.6539826e34, -5.856537e26, -31814786.0, -1.4719088e32, 3.3827932e17, -6.7700407e37, -1.9011235e-11, -271829670000000.0, -6.675626e-38, -1.2697218e-17, 4.9874577e23, 3.547089e25, 1.2643372e-8, 2.0093772e-19, 2.3217414e21, -2.4870057e28, -1.0024384e35, 5.1675106e-5, -1.827663e-35, -6.4959655e-29, -126902280000.0, 8.4893604e36, -128274874000.0, -7.542965e-39, 71.468216, 0.00029052218, -0.0011328189, 0.0004565366, 0.0009838804, -0.0010522524, -0.00011963525, 0.0010375913, -0.0005346743, -0.00042969384, 0.00055175147, 0.00010253271, -0.00039795556, 0.0002563413, 0.00038085302, -0.00015137353, -0.00036621728, 0.0004101499, 0.00022704442, -0.0006201235, 2.440771e-5, 0.0007299741, -0.00035401026, -0.0004541079, 0.00072264986, -0.0002905337, -0.0008129946, 0.0006787046, 0.00016600927, -0.00063721335, 0.00020995458, 0.00039794284, -1.7099922e-38, 6.802425e21, -798176640000.0, 2.2190809e-5, -1.4013715e25, -6.8776285e-7, -24986978000.0, 5.0128637e-33, -5.8765486e-11, -0.0005139433, 2.2620026e29, 0.10850964, -351748930.0, 1.4741236e23, 5.909967e17, 1.6440204e-32, -5.9097488e-30, -58517576.0, -1.0794595e27, 3.1088485e25, -1.27240355e-17, 6.192977e-20, 1.26133555e30, -1.7014957e34, -2.2944946e-17, -1.6521723e24, -2.2945158e-17, -501569.75, -0.00029459762, -6.496042e-29, 3.3677164e-16, 3131726.5, 9.074297e-28, 2.3950134e-12, 1.9866707, 126672640000.0, NaN, 5.896905e-7, 9.46932e19, 2.0133367e37, 7.937266e31, -1.988956e27, -0.00076335255, 0.00094970065, 8.056005e-5, -1.4554883, 1.3991202e-34, 742.81995, 4.609841e29, -2.5867579e16, 2.908867, -1.2057487e35, 23.193125, -5.344136e-39, 7.1328595e27, -1.15205795e29, 2.2935204e-30, 1.6081752e-16, -1.2073389e35, -1.3619568e-37, 1.4026182e25, 5.807344, -7.32623e30, 1.3379292e19, 7.319446e-29, 5.258301e-12, -1.4339212e28, 4.4686743e26, -4.4320486e-33, -0.0028280634, 5.502106e-6, 1.1662523e-27, 14446305000000.0, -3.592314e27, 144498690000000.0, -1.283836e-26, 2.0357047e-17, -2.7603346e23, -2.4594481e20, NaN, -2.7603348e23, 9.2034096e-33, 5344413000000000.0, -87382.445, -9.162314e-33, 70.82758, 4.1325823e-8, -7.8925885e-26, 6.5794385e18, -14691.056, -2.3407003e-17, 121677256.0, -4295485000000.0, -0.058958266, 9.349064e24, 3.196758e-26, 9.5799e-13, -0.00076335255, 0.00052733737, 0.00011962255, -0.0007177798, 0.000368646, 0.00066649757, -0.00085693994, 4.8764605e-6, 0.0007958921, -0.0008056704, -0.0002905337, 0.00087157567, -0.00028320946, -0.00083008443, 0.00071532564, -0.7258091, 1.1265375e26, 12202147.0, 3.5993588e27, 4.817681e-24, 780171970.0, 3.4275892e21, -2.8124148e25, 5.579795e25, -2978.0398, 2.8084103e25, 25357493000000.0, 2.6463807e-12, -2.8723305e28, -0.022678223, -47631.355, -1.5593867e-19, -1.3216983e-12, -3.3451833e18, 2.8903115, 1.2873384e-15, 2.3905513e-24, 2.2371169e26, -6.632905e18, -4.2059568e-11, -6017522.0, -2.5632265e-15, -5.725781e28, -4.3807032e23, -1.0711367e-8, 1.5335926e-22, 1.1426159e-30, -2.9846365e-25, -2974.6396, 3.2050758e-16, -3.138935e-19, -12363184000.0, -1.594393e33, 3.709568e28, -2.1217296e19, -1.0833197e-10, -3.336156e-11, -7.9640367e-16, 3.4147993e-11, -1.9877035e-20, 0.00041259616, -8.3014165e-5, -0.00038574854, 0.00031249365, 0.00020018895, -0.00042725244, 5.8587397e-5, 0.00028563818, -0.00020264306, 23.240831, 1.5399104e37, -1513718.1, -4.4544356e-33, -2.0839278e17, 2.1257553e20, 396125040000.0, 8.328262e-11, -2.2208367e-33, -6.132385e-22, 1.821283e-29, -2.7105685e-24, -3.0705133e-17, -0.0017252776, -2.606466e-34, -2.1835757e-17, -1.2709183e-26, 0.0004125962, 0.00028319677, -0.00010254541, -2.1979007e-5, 0.0001806577, -6.348291e-5, -0.00024902978, 0.00020995458, -5.827472e-28, 5.2727957e-12, 2.6336973e-12, -3.403974e-38, 6.970212e-35, -4.462621e-33, 1.3943429e-34, 5.4231416e-37, -1521131.6, -5.478387e22, -2.697197e-9, -1.7462204e-35, -3007443.5, 8.517781e20, 1.7851447e-32, 6.689508e-10, -2.458579e-21, 1.5312765e-22, 7.8519965e-20, 6437362000000000.0, 1.6106906e-16, 6.969836e-35, 3.2113205e-16, 1.3646754e-37, 6342809500000.0, -4.889499e-21, 9.570478e-24, 3164873700000.0, 1.2517117e-18, 1.2263461e38, -4.1122653e-14, 1.3531401e-37, 4.3587455e23, -2.168036e23, -9.5548586e35, 1.2180075e-21, -2.4460716e-21, -9.127119e-30, 1.3054105e-12, -4.794049e35, 1.3598931e22, -9.5953616e35, -1.2472397e-18, 3.744943e33, -4.4768946e26, 1.3839595e-34, -755875.6, 4.4737512e26, -1.1948779e35, -1.5702293e-19, -1519370.4, -3.0743384e37, -760586.1, 5.514324e-6, -1.3830886e-6, -3.3454535e18, 6.1470127e37, -2.1637534e-8, 5.271354e-39, 0.0, 0.0, 0.0, 0.0, 0.0, 0.0, 0.0, 0.0, 0.0, 0.0, 0.0, 0.0, 0.0, 0.0, 0.0, 0.0, 0.0, 0.0, 0.0, 0.0, 0.0, 0.0, 0.0, 0.0, 0.0, 0.0, 0.0, 0.0, 0.0, 0.0, 0.0, 0.0, 0.0, 0.0, 0.0, 0.0, 0.0, 0.0, 0.0, 0.0, 0.0, 0.0, 0.0, 0.0, 0.0, 0.0, 0.0, 0.0, 0.0, 0.0, 0.0, 0.0, 0.0, 0.0, 0.0, 0.0, 0.0, 0.0, 0.0, 0.0, 0.0, 0.0, 0.0, 0.0, 0.0, 0.0, 0.0, 0.0, 0.0, 0.0, 0.0, 0.0, 0.0, 0.0, 0.0, 0.0, 0.0, 0.0, 0.0, 0.0, 0.0, 0.0, 0.0, 0.0, 0.0, 0.0, 0.0, 0.0, 0.0, 0.0, 0.0, 0.0, 0.0, 0.0, 0.0, 0.0, 0.0, 0.0, 0.0, 0.0, 0.0, 0.0, 0.0, 0.0, 0.0, 0.0, 0.0, 0.0, 0.0, 0.0, 0.0, 0.0, 0.0, 0.0, 0.0, 0.0, 0.0, 0.0, 0.0, 0.0, 0.0, 0.0, 0.0, 0.0, 0.0, 0.0, 0.0, 0.0, 0.0, 0.0, 0.0, 0.0, 0.0, 0.0, 0.0, 0.0, 0.0, 0.0, 0.0, 0.0, 0.0, 0.0, 0.0, 0.0, 0.0, 0.0, 0.0, 0.0, 0.0, 0.0, 0.0, 0.0, 0.0, 0.0, 0.0, 0.0, 0.0, 0.0, 0.0, 0.0, 0.0, 0.0, 0.0, 0.0, 0.0, 0.0, 0.0, 0.0, 0.0, 0.0, 0.0, 0.0, 0.0, 0.0, 0.0, 0.0, 0.0, 0.0, 0.0, 0.0, 0.0, 0.0, 0.0, 0.0, 0.0, 0.0, 0.0, 0.0, 0.0, 0.0, 0.0, 0.0, 0.0, 0.0, 0.0, 0.0, 0.0, 0.0, 0.0, 0.0, 0.0, 0.0, 0.0, 0.0, 0.0, 0.0, 0.0, 0.0, 0.0, 0.0, 0.0, 0.0, 0.0, 0.0, 0.0, 0.0, 0.0, 0.0, 0.0, 0.0, 0.0, 0.0, 0.0, 0.0, 0.0, 0.0, 0.0, 0.0, 0.0, 0.0, 0.0, 0.0, 0.0, 0.0, 0.0, 0.0, 0.0, 0.0, 0.0, 0.0, 0.0, 0.0, 0.0, 0.0, 0.0, 0.0, 0.0, 0.0, 0.0, 0.0, 0.0, 0.0, 0.0, 0.0, 0.0, 0.0, 0.0, 0.0, 0.0, 0.0, 0.0, 0.0, 0.0, 0.0, 0.0, 0.0, 0.0, 0.0, 0.0, 0.0, 0.0, 0.0, 0.0, 0.0, 0.0, 0.0, 0.0, 0.0, 0.0, 0.0, 0.0, 0.0, 0.0, 0.0, 0.0, 0.0, 0.0, 0.0, 0.0, 0.0, 0.0, 0.0, 0.0, 0.0, 0.0, 0.0, 0.0, 0.0, 0.0, 0.0, 0.0, 0.0, 0.0, 0.0, 0.0, 0.0, 0.0, 0.0, 0.0, 0.0, 0.0, 0.0, 0.0, 0.0, 0.0, 0.0, 0.0, 0.0, 0.0, 0.0, 0.0, 0.0, 0.0, 0.0, 0.0, 0.0, 0.0, 0.0, 0.0, 0.0, 0.0, 0.0, 0.0, 0.0, 0.0, 0.0]
